49.34
32.0
31.71
32.01
30.93
30.08
30.34
29.83
29.85
30.15
29.77
29.01
30.69
34.88
48.94
33.49
33.65
31.91
31.14
29.71
29.94
30.13
30.18
30.05
29.53
30.73
35.6
36.78
50.68
35.29
33.23
32.71
31.56
30.13
30.45
29.86
30.32
30.02
30.95
35.77
36.69
37.71
50.0
34.26
33.34
32.06
31.24
30.06
30.92
29.79
30.1
31.19
34.26
35.3
35.76
37.64
50.05
34.46
33.15
32.32
31.7
30.26
29.98
29.98
29.54
33.22
34.63
36.18
36.64
37.74
50.3
34.52
33.46
32.28
31.94
30.26
30.35
30.21
38.92
33.69
33.97
35.83
37.72
38.54
50.6
34.09
33.46
32.13
30.94
30.18
29.57
33.04
33.26
33.71
35.1
35.15
36.62
37.97
50.57
34.76
33.29
32.57
30.79
29.15
33.42
33.91
33.66
33.92
35.02
35.88
36.94
37.47
50.78
34.37
34.1
32.22
31.46
33.27
33.82
34.23
34.38
32.96
34.91
36.17
36.72
37.81
49.7
33.14
32.33
30.56
34.08
33.31
34.1
33.8
33.91
34.91
33.88
36.66
37.37
37.27
48.87
31.79
30.7
32.89
32.8
33.75
34.01
33.31
33.71
33.81
33.82
35.4
35.81
35.53
48.4
30.93
34.3
33.49
34.61
34.54
32.5
33.19
34.04
32.45
35.17
34.73
34.79
33.97
48.84
