38.63
23.81
23.81
23.94
23.3
21.74
21.5
21.38
21.48
21.78
21.5
21.34
22.47
27.47
38.29
25.09
25.49
23.49
22.71
21.46
21.81
21.91
21.71
21.79
21.63
22.8
28.34
29.51
38.84
26.89
25.46
23.93
23.3
21.78
22.19
21.98
22.12
21.75
22.64
27.65
29.88
29.91
39.09
26.1
25.23
24.21
23.12
22.22
21.9
22.37
21.64
23.21
25.78
28.5
28.62
30.08
38.42
26.2
25.12
23.95
23.22
22.13
21.59
21.99
21.58
25.25
26.88
27.17
28.39
29.73
39.07
26.03
25.37
23.92
23.1
21.76
21.66
21.72
25.46
25.39
27.34
28.43
28.79
28.75
39.05
26.33
25.15
23.79
22.59
21.3
21.73
26.15
24.92
26.01
27.33
27.45
28.93
29.02
39.34
26.36
25.45
23.62
22.61
21.65
25.43
25.01
25.94
25.43
26.86
27.63
28.65
29.41
38.72
26.61
25.37
24.03
23.16
25.04
25.66
25.9
24.9
25.99
26.49
27.36
28.46
29.28
38.72
25.23
23.85
23.27
25.61
26.13
25.93
25.3
25.85
25.06
26.36
28.25
29.05
28.91
38.73
23.71
23.07
24.94
25.38
25.32
25.54
25.57
25.53
25.48
26.34
28.21
27.9
27.18
37.98
22.71
26.61
26.84
26.25
26.61
25.38
26.06
26.03
25.05
26.22
26.65
26.48
26.32
38.2
