31.05
19.07
19.4
19.26
17.96
16.82
17.21
16.85
16.92
16.74
16.72
16.98
17.86
22.7
31.19
20.33
20.16
19.02
17.71
16.65
17.07
17.34
17.04
16.89
16.87
17.86
22.65
23.51
31.29
21.41
20.42
19.25
18.17
16.72
17.15
16.89
16.8
16.64
18.16
22.82
24.31
24.86
31.57
21.51
20.57
19.14
17.74
17.42
17.26
17.03
17.22
18.18
21.63
22.58
23.8
24.86
31.59
21.15
20.19
18.95
18.23
16.61
17.02
17.02
16.6
20.63
21.65
23.13
24.37
25.24
31.83
21.15
20.4
19.08
17.9
17.02
16.86
16.9
20.65
20.26
22.6
22.96
24.03
24.65
32.05
21.43
20.24
19.2
17.74
16.97
16.91
20.82
21.02
20.6
21.41
23.18
23.55
24.75
31.49
21.1
19.97
18.96
17.72
16.27
20.87
20.73
21.2
20.71
21.68
22.77
24.48
25.2
31.76
21.66
20.03
19.41
17.96
20.92
20.35
21.3
20.66
20.06
22.03
23.12
24.14
25.6
31.07
20.1
19.34
17.73
20.99
21.26
20.54
21.15
20.79
20.37
21.95
22.54
23.72
24.28
31.38
19.18
18.06
20.55
20.81
21.2
20.68
21.63
20.41
21.12
21.72
22.86
22.82
23.07
31.51
17.88
21.32
21.84
21.87
22.11
21.25
20.72
20.97
20.78
21.86
22.06
21.51
21.81
30.8
