22.75
13.54
13.94
13.75
12.21
11.19
11.57
11.28
11.76
11.34
11.4
11.4
12.06
17.19
22.55
14.43
14.85
13.62
12.39
11.64
11.64
11.52
11.67
11.48
11.41
12.36
16.96
18.09
22.61
15.97
14.7
13.72
12.48
11.49
11.79
11.8
11.73
11.48
12.46
17.07
18.52
19.94
22.79
15.34
14.36
13.77
12.53
11.56
11.82
11.66
11.68
12.63
16.34
17.06
18.55
19.63
22.58
15.36
14.56
13.79
12.4
11.44
11.66
11.45
11.28
15.66
16.53
17.89
18.36
18.73
22.7
15.3
14.74
13.7
12.44
11.51
11.19
11.5
14.94
15.64
16.29
17.42
17.91
18.65
22.97
15.27
14.58
13.61
12.45
11.22
11.64
14.91
14.99
15.11
16.27
16.85
17.95
18.87
22.79
15.36
14.58
13.51
12.37
11.31
15.49
15.88
15.62
15.7
16.27
17.15
18.26
19.21
22.42
15.8
14.74
13.54
12.6
16.0
15.57
15.33
15.79
15.37
16.31
17.18
18.16
19.53
22.41
14.47
13.68
12.42
15.4
15.06
15.28
15.32
15.7
14.97
16.89
17.18
18.41
18.69
22.46
13.34
12.21
15.3
15.27
15.31
15.96
15.95
15.41
15.58
15.95
17.39
17.85
17.23
22.82
12.23
16.07
16.46
16.35
16.44
15.37
15.23
14.93
15.47
16.66
16.42
16.39
16.19
22.21
