66.92
47.96
48.52
49.00
47.51
46.82
46.70
46.87
47.13
46.29
46.66
46.41
47.36
51.38
68.42
49.86
49.30
49.07
47.44
47.46
47.76
47.16
46.84
46.75
47.14
47.74
49.72
52.27
68.47
51.30
50.27
49.50
47.98
46.73
47.09
47.34
46.50
46.86
47.86
51.67
50.98
52.97
68.32
51.23
49.92
49.28
47.42
47.68
47.52
47.43
46.86
47.69
49.62
50.75
52.83
53.89
69.26
50.80
49.72
48.65
48.29
47.22
46.98
47.38
46.66
49.55
49.71
52.05
52.83
53.74
67.50
50.79
49.82
49.39
47.71
47.26
47.15
46.46
50.79
50.14
50.26
51.17
52.67
53.32
68.47
50.52
50.50
49.03
47.76
47.48
46.69
49.20
50.07
49.21
50.23
52.08
53.06
53.32
68.85
51.34
50.18
48.78
47.73
46.63
48.84
50.20
50.13
50.83
50.73
53.57
52.41
54.35
67.98
50.98
49.98
49.04
47.58
49.89
50.95
50.01
49.56
49.40
50.51
51.43
52.22
53.67
67.51
49.69
48.84
47.51
49.78
49.78
50.89
50.47
49.79
49.77
51.39
51.37
52.39
52.98
68.09
48.00
47.64
49.18
49.07
50.09
50.48
50.18
48.79
49.06
50.96
51.42
50.36
51.40
67.35
47.76
49.45
50.16
51.08
49.69
48.92
50.34
49.38
49.54
51.52
51.58
50.91
51.09
67.42
