25.91
15.85
15.77
15.87
14.31
13.53
13.72
14.03
13.54
13.80
13.83
13.57
14.87
19.90
26.49
16.74
17.37
15.79
14.67
13.60
13.62
13.85
13.81
13.70
13.88
14.99
20.24
20.73
26.52
18.32
16.95
15.89
14.88
13.76
14.11
13.47
13.90
13.81
14.89
20.17
21.34
22.51
26.57
18.03
17.03
15.92
14.82
13.90
13.87
13.71
13.79
14.70
17.89
19.73
20.36
21.48
26.33
17.85
16.85
15.93
14.84
13.61
13.92
13.50
13.79
17.83
18.73
20.10
20.63
20.99
26.25
17.91
16.75
15.87
14.63
13.68
14.02
13.64
17.91
16.85
17.90
19.53
20.37
21.21
26.24
17.80
17.10
15.79
14.58
13.79
13.63
17.41
17.33
17.63
18.90
19.18
20.80
21.50
26.70
18.10
16.76
15.54
14.90
13.42
17.48
17.69
17.88
17.31
18.60
20.04
21.04
21.49
26.35
18.39
17.23
15.68
14.73
17.88
17.70
17.66
17.88
17.67
18.78
19.35
20.51
21.82
26.27
16.89
15.99
14.52
17.89
17.50
17.73
18.22
17.54
17.89
18.50
19.99
20.67
21.10
26.32
15.54
14.54
18.40
17.67
17.47
18.29
17.35
18.11
17.96
18.08
19.78
20.01
19.35
26.01
14.75
18.78
18.20
18.86
19.05
17.84
17.97
17.74
17.24
18.86
18.69
18.69
18.31
25.93
