19.85
11.52
11.99
11.72
10.63
9.71
9.92
10.05
9.72
9.86
9.70
9.53
10.67
15.81
19.76
12.62
13.04
11.64
10.70
9.85
9.87
9.90
9.76
9.81
9.68
10.64
15.60
16.24
19.51
14.12
12.75
11.78
10.80
9.92
10.07
10.09
9.86
9.96
10.73
15.98
16.81
17.95
20.19
13.64
12.92
11.90
10.81
10.07
10.11
9.81
9.99
10.89
14.44
15.38
16.49
17.28
19.76
13.50
12.91
11.84
10.93
10.01
9.91
9.78
9.65
13.75
14.65
15.64
16.65
17.41
19.59
13.34
12.56
11.79
10.66
9.84
9.81
9.67
13.61
13.49
14.62
15.43
16.66
17.54
20.13
13.47
12.86
11.60
10.48
9.77
9.69
13.89
14.21
13.75
14.42
15.29
16.64
16.65
20.23
13.77
12.81
11.72
10.67
9.74
14.41
13.56
13.83
13.72
14.56
15.91
16.21
17.40
19.94
14.16
13.00
11.97
10.90
13.45
13.94
13.87
14.07
13.81
14.74
15.63
16.49
17.66
19.77
12.82
11.84
10.79
13.54
13.71
13.70
13.78
13.89
13.55
14.31
15.13
16.99
16.49
20.09
11.68
10.69
13.44
13.97
13.69
13.74
13.77
13.37
13.71
14.65
16.16
15.81
15.51
19.89
10.49
15.21
14.57
14.75
14.73
13.30
13.41
13.80
13.44
14.92
14.55
14.43
13.81
20.09
