18.20
10.29
10.58
10.68
9.29
8.45
8.55
8.58
8.67
8.62
8.41
8.63
9.33
14.12
17.72
11.43
11.80
10.28
9.37
8.50
8.54
8.74
8.55
8.49
8.65
9.19
14.42
15.21
17.91
12.50
11.39
10.35
9.43
8.55
8.69
8.55
8.60
8.56
9.47
14.36
15.49
16.18
17.95
12.16
11.40
10.43
9.43
8.73
8.61
8.53
8.53
9.65
13.27
14.14
14.99
16.26
18.16
12.01
11.44
10.26
9.24
8.41
8.40
8.42
8.52
12.37
13.05
14.19
14.92
15.86
17.77
11.99
11.21
10.27
9.37
8.53
8.56
8.56
12.51
12.53
12.98
14.25
15.01
15.42
17.65
12.09
11.19
10.39
9.22
8.61
8.34
12.01
12.46
12.27
13.28
14.06
15.22
15.65
18.00
12.18
11.36
10.31
9.27
8.39
12.39
12.13
12.36
12.55
13.18
14.17
15.38
16.07
17.87
12.32
11.78
10.50
9.66
12.71
12.44
12.28
12.65
12.49
13.32
14.27
14.69
16.15
18.03
11.41
10.55
9.53
12.31
12.38
12.81
12.98
12.33
12.69
13.40
14.18
15.50
14.58
17.92
10.19
9.46
12.71
12.33
12.19
12.34
12.40
12.43
12.22
13.27
14.29
13.78
14.25
18.02
9.26
13.05
13.12
13.34
13.42
12.37
12.28
12.39
12.49
13.44
13.26
13.29
13.14
17.81
